[(0, 0), (34, 0), (38, 35), (0, 31)]
(244, 196, 161, 85)
[(6, 15), (24, 20), (14, 29), (8, 22)]
(255, 168, 55, 39)
[(20, 2), (24, 1), (26, 9), (21, 6)]
(195, 137, 74, 22)
[(5, 0), (10, 3), (6, 7), (3, 7)]
(95, 49, 23, 49)
[(21, 23), (30, 19), (27, 26), (14, 27)]
(218, 202, 138, 208)
[(11, 4), (19, 4), (21, 10), (13, 4)]
(247, 235, 230, 92)
[(8, 19), (22, 21), (16, 26), (9, 22)]
(251, 1, 1, 252)
[(2, 8), (5, 8), (15, 15), (6, 16)]
(217, 189, 164, 77)
[(0, 16), (0, 18), (14, 26), (4, 25)]
(193, 185, 117, 53)
[(26, 16), (26, 17), (26, 15), (26, 16)]
(253, 253, 250, 252)
[(22, 31), (16, 26), (5, 30), (14, 30)]
(218, 196, 120, 119)
[(21, 23), (13, 25), (7, 20), (21, 20)]
(253, 1, 1, 49)
[(5, 0), (8, 1), (8, 5), (3, 4)]
(127, 147, 78, 185)
[(12, 20), (20, 20), (22, 17), (21, 20)]
(150, 208, 21, 198)
[(6, 21), (0, 17), (6, 29), (6, 19)]
(213, 181, 143, 15)
[(25, 0), (32, 0), (35, 3), (29, 18)]
(249, 225, 144, 117)
[(23, 2), (20, 3), (20, 3), (24, 8)]
(201, 110, 43, 75)
[(5, 0), (24, 0), (15, 3), (7, 0)]
(247, 221, 141, 144)
[(8, 6), (9, 2), (5, 7), (3, 5)]
(110, 101, 88, 51)
[(19, 26), (16, 29), (12, 27), (5, 25)]
(217, 147, 127, 89)
[(0, 30), (0, 33), (5, 29), (0, 20)]
(249, 225, 145, 249)
[(4, 8), (14, 10), (21, 17), (1, 14)]
(234, 206, 188, 146)
[(22, 22), (18, 26), (26, 28), (27, 20)]
(212, 186, 172, 108)
[(4, 32), (14, 32), (18, 31), (4, 31)]
(238, 220, 135, 77)
[(21, 31), (26, 30), (30, 21), (30, 31)]
(250, 239, 145, 1)
[(19, 36), (27, 28), (12, 33), (14, 36)]
(222, 209, 167, 88)
[(4, 13), (8, 11), (3, 13), (11, 16)]
(221, 192, 208, 102)
[(5, 1), (6, 2), (9, 4), (7, 1)]
(27, 27, 102, 217)
[(23, 34), (23, 31), (22, 33), (18, 28)]
(152, 153, 164, 130)
[(19, 17), (16, 17), (20, 17), (21, 17)]
(220, 97, 157, 65)
[(29, 17), (25, 8), (32, 18), (28, 21)]
(225, 199, 160, 232)
[(2, 14), (2, 0), (0, 4), (0, 17)]
(244, 220, 142, 68)
[(28, 14), (26, 2), (25, 2), (25, 9)]
(214, 195, 150, 2)
[(12, 27), (13, 25), (18, 29), (11, 28)]
(188, 154, 119, 27)
[(1, 15), (3, 12), (3, 9), (6, 5)]
(249, 187, 138, 34)
[(6, 11), (9, 11), (7, 12), (8, 13)]
(151, 160, 124, 162)
[(20, 24), (11, 24), (8, 19), (9, 21)]
(249, 47, 3, 162)
[(21, 33), (22, 32), (22, 30), (24, 30)]
(210, 163, 139, 43)
[(21, 5), (22, 2), (19, 3), (21, 2)]
(171, 173, 55, 179)
[(23, 13), (21, 11), (21, 13), (24, 12)]
(171, 167, 177, 213)
[(8, 7), (14, 7), (22, 15), (10, 12)]
(237, 213, 197, 191)
[(6, 16), (8, 19), (19, 19), (7, 17)]
(247, 223, 3, 110)
[(11, 19), (13, 18), (6, 17), (7, 18)]
(245, 215, 21, 135)
[(6, 2), (6, 1), (9, 3), (8, 4)]
(49, 38, 49, 152)
[(4, 2), (4, 5), (4, 2), (5, 5)]
(65, 120, 149, 208)
[(21, 23), (22, 21), (23, 21), (22, 21)]
(237, 53, 55, 157)
[(23, 19), (23, 22), (28, 22), (24, 21)]
(198, 174, 116, 113)
[(4, 2), (4, 5), (6, 4), (6, 4)]
(31, 150, 129, 22)
[(4, 26), (2, 23), (4, 29), (7, 26)]
(225, 213, 167, 27)
[(2, 4), (3, 11), (0, 16), (1, 22)]
(218, 198, 155, 73)
[(24, 3), (25, 7), (24, 1), (26, 7)]
(221, 181, 113, 139)
[(20, 15), (21, 14), (25, 13), (24, 17)]
(232, 207, 188, 150)
[(12, 18), (23, 18), (15, 19), (8, 18)]
(250, 203, 1, 1)
[(11, 3), (18, 3), (18, 2), (10, 2)]
(200, 180, 201, 172)
[(16, 29), (18, 25), (19, 29), (10, 29)]
(206, 179, 165, 18)
[(20, 18), (21, 19), (22, 18), (20, 18)]
(99, 240, 36, 167)
[(7, 6), (5, 7), (7, 7), (5, 7)]
(95, 68, 91, 137)
[(29, 16), (29, 16), (29, 19), (29, 17)]
(173, 193, 209, 150)
[(17, 26), (18, 25), (21, 26), (16, 29)]
(212, 169, 139, 180)
[(25, 2), (22, 1), (25, 2), (23, 2)]
(148, 124, 160, 224)
[(23, 14), (20, 12), (22, 14), (22, 11)]
(200, 178, 170, 114)
[(1, 19), (5, 22), (4, 24), (1, 17)]
(201, 174, 131, 152)
[(25, 16), (25, 19), (26, 17), (24, 20)]
(251, 219, 212, 1)
[(2, 19), (7, 23), (5, 28), (5, 23)]
(210, 160, 162, 86)
[(10, 17), (15, 17), (12, 17), (10, 17)]
(187, 111, 125, 93)
[(3, 21), (1, 19), (3, 21), (3, 21)]
(192, 146, 126, 146)
[(22, 26), (26, 26), (28, 23), (24, 25)]
(210, 177, 162, 152)
[(5, 11), (3, 13), (3, 11), (3, 8)]
(207, 177, 158, 102)
[(19, 29), (14, 28), (9, 26), (9, 26)]
(213, 149, 107, 167)
[(2, 3), (4, 0), (5, 0), (4, 0)]
(217, 222, 163, 46)
[(21, 7), (20, 7), (19, 7), (23, 8)]
(199, 176, 163, 76)
[(6, 7), (8, 7), (7, 8), (6, 8)]
(175, 167, 176, 94)
[(15, 13), (16, 13), (15, 11), (15, 11)]
(211, 208, 141, 180)
[(3, 2), (4, 1), (3, 2), (3, 6)]
(183, 133, 88, 95)
[(10, 15), (10, 16), (16, 16), (12, 16)]
(226, 195, 171, 197)
[(9, 16), (5, 10), (7, 14), (5, 15)]
(215, 184, 160, 115)
[(26, 7), (25, 2), (25, 6), (24, 5)]
(211, 157, 131, 138)
[(22, 2), (21, 3), (22, 6), (21, 4)]
(188, 162, 21, 121)
[(22, 31), (8, 33), (16, 34), (15, 32)]
(157, 145, 137, 50)
[(14, 10), (15, 9), (16, 10), (14, 10)]
(222, 187, 146, 218)
[(4, 5), (4, 2), (4, 6), (6, 4)]
(99, 118, 52, 186)
[(28, 21), (27, 21), (27, 23), (27, 21)]
(202, 148, 149, 184)
[(26, 25), (23, 35), (26, 39), (21, 40)]
(222, 185, 139, 131)
[(5, 21), (4, 23), (4, 21), (4, 21)]
(151, 107, 187, 14)
[(0, 0), (0, 2), (0, 1), (1, 0)]
(250, 228, 148, 251)
[(0, 44), (0, 43), (0, 43), (0, 46)]
(21, 236, 166, 91)
[(16, 17), (16, 17), (19, 17), (17, 17)]
(155, 144, 96, 62)
[(38, 0), (39, 0), (39, 0), (37, 0)]
(139, 196, 255, 255)
[(4, 6), (4, 4), (5, 5), (5, 4)]
(26, 116, 44, 198)
[(21, 2), (21, 5), (20, 3), (24, 2)]
(177, 114, 76, 206)
[(27, 13), (28, 15), (27, 13), (27, 14)]
(188, 135, 190, 48)
[(14, 28), (13, 28), (14, 28), (14, 28)]
(131, 135, 211, 158)
[(28, 21), (36, 11), (36, 10), (35, 9)]
(216, 201, 137, 60)
[(11, 28), (19, 28), (12, 27), (19, 27)]
(197, 157, 121, 192)
[(23, 9), (25, 9), (22, 8), (26, 10)]
(215, 203, 172, 73)
[(4, 21), (5, 21), (5, 21), (4, 21)]
(186, 119, 95, 181)
[(26, 22), (24, 22), (26, 22), (24, 18)]
(217, 181, 168, 37)
[(22, 5), (23, 3), (22, 4), (24, 7)]
(202, 103, 96, 150)
[(22, 18), (20, 17), (21, 19), (20, 18)]
(156, 191, 56, 184)
[(8, 6), (9, 5), (7, 7), (7, 7)]
(201, 146, 157, 79)
